Phy id : 1

processor       : 0, 3,  4, 6, 8, 11,  12, 14
siblings        : 8, 8,  8, 8, 8,  8,   8, 8
core id         : 0, 10, 1, 9, 0, 10,   1, 9
cpu cores       : 4, 4,  4, 4, 4,  4,   4, 4

Phy id : 0

processor       : 1, 2,  5, 7, 9, 10, 13, 15
siblings        : 8, 8,  8, 8, 8,  8,  8,  8
core id         : 0, 10, 9, 1, 0, 10,  9,  1
cpu cores       : 4, 4,  4, 4, 4,  4,  4,  4



  
Socket      0				                          1 


cores   0, 1, 9, 10		                            0, 1, 9, 10


1, 2,  5, 7, 9, 10, 13, 15                           0, 3,  4, 6, 8, 11,  12, 14
